5 0.2 0.0843475 0.000203744  0.00402344 5.03343e-005  -0.585007 0.000310856  0.00956784 0.000367048 0.00951173 0.00895237
4.9 0.204082 0.0855229 0.000204271  0.00410674 5.07708e-005  -0.594418 0.000310674  0.00955227 0.000372034 0.0225593 0.00869028
4.8 0.208333 0.086732 0.000211817  0.00428179 5.36135e-005  -0.60432 0.000312131  0.00968691 0.000381371 0.0110674 0.00898325
4.7 0.212766 0.0884106 0.000214543  0.00444575 5.53233e-005  -0.615878 0.000314488  0.00971721 0.000389344 0.0136055 0.00890063
4.6 0.217391 0.0901173 0.000219132  0.004575 5.7418e-005  -0.627945 0.000317123  0.00990868 0.000400374 0.0195391 0.00886823
4.5 0.222222 0.0918115 0.000224294  0.00472353 5.96826e-005  -0.640003 0.000319363  0.0100385 0.000411093 0.0263 0.00883654
4.4 0.227273 0.0937883 0.000231083  0.00491372 6.29069e-005  -0.653064 0.000320146  0.0100975 0.000420976 0.025535 0.00894249
4.3 0.232558 0.0957423 0.000237214  0.00517223 6.64386e-005  -0.666866 0.000322082  0.0102365 0.000431833 0.0204795 0.00907718
4.2 0.238095 0.0982271 0.000246897  0.00543459 7.06365e-005  -0.681396 0.000326253  0.0104105 0.00044548 0.0224326 0.00915616
4.1 0.243902 0.100679 0.000253548  0.00566939 7.4854e-005  -0.69691 0.000329864  0.010569 0.00045863 0.0251996 0.00923307
4 0.25 0.103571 0.0002652  0.00604019 7.99836e-005  -0.713327 0.000335123  0.0107883 0.000474456 0.0288874 0.00926493
3.9 0.25641 0.106782 0.000277634  0.00641035 8.72752e-005  -0.73112 0.000336936  0.0108584 0.000487513 0.0234005 0.00956989
3.8 0.263158 0.110227 0.00029172  0.00681189 9.40679e-005  -0.750088 0.000341325  0.0110957 0.000506039 0.0290193 0.00963391
3.7 0.27027 0.114186 0.000306978  0.00724111 0.000101957  -0.770668 0.000347102  0.0112778 0.000523669 0.0413365 0.00963946
3.6 0.277778 0.118784 0.000326958  0.00783077 0.000113472  -0.792639 0.00035486  0.0115019 0.000543957 0.0372626 0.00995828
3.5 0.285714 0.123544 0.00035287  0.00846058 0.000127614  -0.815582 0.000363363  0.0118734 0.000568628 0.0411484 0.0103156
3.4 0.294118 0.130066 0.000386849  0.00943572 0.000147982  -0.841998 0.000370452  0.012176 0.00059503 0.0393318 0.0107891
3.3 0.30303 0.137718 0.000423523  0.0103261 0.000169851  -0.870935 0.000381411  0.0125062 0.000623515 0.0595577 0.0109062
3.2 0.3125 0.147029 0.000481743  0.0117795 0.000205694  -0.90174 0.000395124  0.012966 0.000657364 0.0651257 0.0115159
3.1 0.322581 0.158229 0.000553792  0.0135948 0.000255713  -0.935298 0.000416945  0.0136068 0.000698564 0.0679865 0.0123386
3 0.333333 0.170909 0.000643082  0.0156323 0.000316329  -0.973605 0.00043654  0.0142077 0.000743635 0.0841269 0.0129217
2.9 0.344828 0.189537 0.000792709  0.0189864 0.000426898  -1.01693 0.000468292  0.0151457 0.000803494 0.105001 0.0139162
2.8 0.357143 0.213262 0.000974284  0.0230291 0.000575314  -1.06504 0.000508688  0.0161123 0.000868873 0.14218 0.0144071
2.7 0.37037 0.251318 0.0012917  0.0298908 0.000843404  -1.12432 0.000583092  0.0181259 0.000976271 0.200066 0.0145009
2.6 0.384615 0.303739 0.0017386  0.0391757 0.0012638  -1.19558 0.000694995  0.0210014 0.001122 0.274961 0.0139434
2.5 0.4 0.391031 0.00236821  0.0507911 0.0018996  -1.28852 0.000882061  0.0258545 0.00134208 0.386454 0.0114434
2.4 0.416667 0.520173 0.00285276  0.0559857 0.00250417  -1.41244 0.00109951  0.0315729 0.00161069 0.505502 0.00758384
2.39 0.41841 0.533901 0.00291191  0.0565239 0.00257077  -1.42633 0.00112999  0.0322877 0.00163989 0.513604 0.00732146
2.38 0.420168 0.546182 0.00293585  0.0561742 0.00260654  -1.43947 0.00114321  0.0325935 0.00166085 0.522253 0.00702569
2.37 0.421941 0.559767 0.0029463  0.0556744 0.00263972  -1.45392 0.0011444  0.0325031 0.00167134 0.531168 0.00670753
2.36 0.423729 0.580808 0.00290625  0.0539768 0.00263305  -1.47205 0.00115511  0.0329002 0.00169751 0.545102 0.00612177
2.35 0.425532 0.597791 0.00281947  0.051928 0.0025838  -1.48753 0.00114618  0.0327061 0.00170654 0.55606 0.0056052
2.34 0.42735 0.607647 0.00282206  0.0514158 0.00261022  -1.49927 0.00116408  0.0329422 0.00172556 0.560652 0.00545248
2.33 0.429185 0.622922 0.00282409  0.0505351 0.00261337  -1.51549 0.00115196  0.0327769 0.00173495 0.568572 0.00514165
2.32 0.431034 0.638267 0.00276542  0.0486698 0.0025879  -1.53123 0.00115239  0.0325707 0.00174307 0.576704 0.00480402
2.31 0.4329 0.655788 0.00261274  0.0453305 0.00248227  -1.54683 0.00114016  0.0324765 0.00175393 0.586368 0.00431962
2.3 0.434783 0.668975 0.00256904  0.0436255 0.0024617  -1.56143 0.00113022  0.0317037 0.00174763 0.592434 0.00408552
2.29 0.436681 0.686016 0.00247358  0.0411078 0.00238328  -1.57923 0.00110886  0.0311807 0.00174838 0.600209 0.00372393
2.28 0.438596 0.700024 0.00235463  0.0387263 0.0023145  -1.59395 0.00108395  0.0306647 0.00174701 0.606021 0.00344906
2.27 0.440529 0.715533 0.0021876  0.0351368 0.0021898  -1.60968 0.00105306  0.0297559 0.00173617 0.612994 0.00309789
2.26 0.442478 0.725645 0.00218104  0.0344059 0.00218633  -1.62333 0.00104725  0.0294219 0.00173716 0.616135 0.00299218
2.25 0.444444 0.73874 0.00202892  0.0314734 0.00207689  -1.63768 0.00101576  0.0286063 0.00172782 0.621179 0.00272612
2.24 0.446429 0.746583 0.00207423  0.0315492 0.00209754  -1.6502 0.00101536  0.0283356 0.00172954 0.622993 0.00268548
2.23 0.44843 0.762158 0.00181852  0.027127 0.0019038  -1.66617 0.000964423  0.0269065 0.00169971 0.629387 0.00232092
2.22 0.45045 0.773693 0.00167733  0.0245469 0.00179483  -1.67962 0.000933148  0.0261013 0.0016874 0.633273 0.00211254
2.21 0.452489 0.786417 0.00151539  0.0216658 0.00167111  -1.69462 0.000898191  0.0251214 0.00166881 0.637366 0.00189341
2.2 0.454545 0.793426 0.00152502  0.0214791 0.00165488  -1.70633 0.000882267  0.0245394 0.00165923 0.638766 0.00183655
2.1 0.47619 0.868886 0.000628736  0.00738711 0.000874029  -1.81867 0.000617313  0.0165497 0.00145483 0.656729 0.000787116
2 0.5 0.911186 0.000323681  0.00317211 0.00050925  -1.90207 0.000455432  0.01136 0.0012637 0.662377 0.000412594
1.9 0.526316 0.938298 0.000172645  0.00146376 0.000308356  -1.96568 0.000345558  0.00793139 0.0010934 0.664611 0.000234547
1.8 0.555556 0.956821 0.000112824  0.00081152 0.000210905  -2.01546 0.000272985  0.00562011 0.00094482 0.665541 0.000153962
1.7 0.588235 0.969963 7.64877e-005  0.000453712 0.000147974  -2.05406 0.000213228  0.00382232 0.000795335 0.666044 0.000104999
1.6 0.625 0.979613 5.63977e-005  0.000270245 0.000111865  -2.08452 0.000172589  0.00260841 0.000667069 0.6663 7.77764e-005
1.5 0.666667 0.986526 4.07415e-005  0.000160855 8.3154e-005  -2.10748 0.000136612  0.00174596 0.000551867 0.666451 5.69882e-005
1.4 0.714286 0.991364 2.87742e-005  9.24042e-005 6.12823e-005  -2.12424 0.000105721  0.00110917 0.000443607 0.666543 4.15813e-005
1.3 0.769231 0.994751 1.9783e-005  5.26215e-005 4.50439e-005  -2.13644 7.94663e-005  0.000676731 0.00034855 0.666597 3.03518e-005
1.2 0.833333 0.996991 1.18989e-005  2.80437e-005 3.11679e-005  -2.14472 5.63484e-005  0.000383751 0.000263577 0.666629 2.09059e-005
1.1 0.909091 0.998429 5.01046e-006  1.39067e-005 1.99928e-005  -2.15015 3.61506e-005  0.000199925 0.000190778 0.666648 1.33711e-005
1 1 0.999283 3.78693e-006  6.10741e-006 1.02962e-005  -2.15344 1.7701e-005  9.09611e-005 0.000128892 0.666659 6.87413e-006
0.9 1.11111 0.999716 3.80873e-006  2.34401e-006 1.61639e-006  -2.15513 6.63241e-006  3.57754e-005 8.0919e-005 0.666664 1.07821e-006
0.8 1.25 0.999904 2.56633e-006  7.68414e-007 4.02225e-006  -2.15587 8.39705e-006  1.19745e-005 4.68373e-005 0.666666 2.68202e-006
0.7 1.42857 0.999978 1.31179e-006  1.7833e-007 2.47786e-006  -2.15616 4.98338e-006  2.8021e-006 2.26608e-005 0.666666 1.65198e-006
0.6 1.66667 0.999996 5.33939e-007  2.8673e-008 1.05469e-006  -2.15624 2.12086e-006  4.58769e-007 9.16996e-006 0.666667 7.03132e-007
0.5 2 1 1.56209e-007  2.44131e-009 3.10972e-007  -2.15625 6.24463e-007  3.90609e-008 2.67573e-006 0.666667 2.07314e-007
0.4 2.5 1 7.81198e-008  6.10346e-010 1.55601e-007  -2.15625 3.12433e-007  9.76553e-009 1.33788e-006 0.666667 1.03734e-007
0.3 3.33333 1 0  0 0  -2.15625 0  0 0 0.666667 0
0.2 5 1 0  0 0  -2.15625 0  0 0 0.666667 0
1st for took::776.761000 sec.
2nd for took::534.628000 sec.
3th for took::526.657000 sec.
Avarage do_step function took::27.423358 sec.
Calculation took::1838.127000 sec.
